0.192734 0.417465 0.441235 0.398229 0.310257 0.255828 0.276675 0.341876 0.347676 0.321004 0.322326 0.41365 0.539588 0.565531 0.485214 0.424563 0.45134 0.447948 0.340463 0.248625 0.249387 0.486711 0.496286 0.289945 -0.607514 -0.285835 -0.370755 0.174005 0.369972 0.107495 0.359448 0.0396594
0.180597 0.208497 0.510107 0.401297 0.310388 0.267298 0.259108 0.324065 0.377958 0.36252 0.344558 0.36057 0.360571 0.386447 0.393542 0.405975 0.446581 0.387282 0.25627 0.139194 0.226354 0.512578 0.763023 0.915602 -0.527605 1.15514 -2.53589 0.967452 0.0620509 -0.509937 -0.405993 0.198239
0.172786 0.0915769 0.276326 0.378526 0.327094 0.252877 0.250892 0.0871319 0.147757 0.2794 0.243951 0.076479 0.0770856 0.0906331 0.132458 0.200567 0.244073 0.227417 0.195548 0.187245 0.172293 0.184997 -0.161536 -1.23527 -0.351803 -3.63328 1.51263 10.8039 -2.59909 -1.93927 -0.0422211 0.605157
0.457624 0.382616 0.137237 0.443431 0.297439 0.0445911 0.189932 0.186632 0.376854 0.438932 0.602393 0.590169 0.664577 0.626193 0.687622 0.701728 0.669033 0.643145 0.674977 0.690774 0.634864 0.429853 0.09229 -5.84125 -2.60432 -10.5687 8.87144 12.7323 -6.54326 3.62732 -0.0922211 1.23189
0.30435 0.366329 0.367174 0.292798 0.16659 0.371919 0.670658 0.590195 0.749404 0.738673 0.862006 0.812624 0.773996 0.753484 0.775744 0.765617 0.700259 0.705676 0.708891 0.773007 0.790991 0.694351 0.456557 -4.28109 -6.09075 -1.4072 7.07324 8.57647 -18.9069 6.30099 -1.0476 0.374776
0.288767 0.171194 0.531924 0.315217 0.252418 0.88353 0.648211 0.820241 1.04952 0.857328 0.623069 0.371757 0.059284 0.343023 0.665144 0.628479 0.605943 0.632224 0.64044 0.717674 0.775272 0.735819 0.587741 -1.06194 -6.64649 -0.117263 12.9406 20.2322 -3.7988 2.94852 0.429308 -0.233845
0.427869 0.359968 0.243655 0.305574 0.624668 0.66878 0.398998 0.698556 0.216806 -0.0145011 0.657266 0.853725 0.16189 0.420414 0.346547 0.670012 0.346505 0.221516 0.349281 0.505672 0.676769 0.589345 0.816397 0.212178 -3.72232 -4.3591 3.96108 10.6484 4.30225 -1.36478 0.308087 0.464713
0.298416 0.385039 0.237194 0.250516 0.409869 0.442147 0.180405 0.0141999 0.647601 0.650365 0.641699 1.73454 1.25277 -0.0670803 0.0960407 0.896471 0.388327 0.376012 0.317668 0.674092 0.371745 0.338117 0.410903 -0.154804 -0.112585 -2.09736 -2.48632 1.82907 0.12238 -0.125869 0.670527 1.12427
0.504942 0.257468 0.423133 0.555015 0.285191 0.693847 0.345567 -0.0237951 -0.00778922 0.350233 0.529206 1.6677 2.0065 2.34291 1.45702 0.861053 0.430089 0.0334436 0.569478 0.944312 0.337586 0.349179 0.871065 0.422738 -0.0872184 0.701666 0.667764 0.525361 0.299187 -0.00962328 0.254735 0.222968
0.18644 0.31286 0.303929 0.328338 0.251581 0.251422 0.372309 0.751811 0.272307 -0.446467 -0.94362 -0.802878 -1.12255 -1.43346 0.571294 0.188742 -0.11798 -0.00586906 0.496029 0.431214 0.308249 0.303376 0.649542 0.69592 0.0806616 0.214938 0.71127 0.796434 0.746967 0.757382 0.603957 0.438827
0.198011 0.346862 0.312556 0.157888 0.378398 0.602831 -0.0856637 0.274247 0.737556 1.42465 -1.15711 1.2921 0.885232 2.53915 1.04901 -0.039575 0.915156 0.578036 0.915691 0.687429 0.623308 0.768428 0.772447 0.713339 0.202588 0.14973 0.27971 0.512249 0.606848 0.760748 0.780517 0.704743
0.307227 0.337199 0.223227 0.350102 0.353926 0.277634 0.57443 1.39394 0.593005 -0.685606 0.569202 -0.447662 0.889226 2.40558 2.448 0.957126 -0.0872347 0.616739 0.614625 0.752456 0.931135 1.09776 0.955816 0.814197 0.464308 0.787342 0.592741 0.158235 0.262889 0.642602 0.855509 0.836126
0.465697 0.22338 0.354386 0.705947 0.382747 0.460271 0.236051 -0.268402 0.810512 0.138487 0.332077 0.449037 -0.166378 1.03223 2.05249 0.877294 0.119382 -0.327996 -0.502168 -0.126931 0.609298 0.665155 1.03973 0.965592 0.820607 0.460174 0.432201 0.310399 0.711821 0.36599 0.51908 0.645719
0.418557 0.28655 0.378767 0.653021 0.399672 0.662134 0.683797 -0.087064 0.623372 0.450846 0.958282 1.63913 0.535878 0.443344 0.43109 0.623329 0.820884 1.72695 0.913003 -0.961013 -2.12397 0.491684 0.510386 0.610103 0.749071 0.376081 0.376851 0.347161 0.698816 0.449703 0.27486 0.162919
0.322239 0.367774 0.358896 0.387745 0.410838 0.74686 0.534402 0.393375 -1.01787 1.13143 0.187316 0.0645499 0.808481 1.08856 -0.97428 -0.10702 1.1011 0.576507 4.04947 5.05572 -0.117852 0.313329 0.395252 0.562695 0.3456 0.307307 0.569023 0.357824 0.226416 0.473285 0.515476 0.177296
0.48773 0.388522 0.265863 0.351615 0.281236 0.704392 0.771837 -0.638383 -2.0758 1.82816 -1.33059 -0.755863 -5.64259 4.23291 2.37513 -2.4173 -2.30066 -4.32324 -4.5156 -0.0814083 3.05683 0.693507 0.916718 0.800407 0.835869 0.639333 0.52084 0.200412 0.203656 0.903878 0.642557 0.279125
0.492884 0.420263 0.348328 0.289872 0.314148 0.333337 1.10455 1.7056 -0.794621 -2.24293 1.63103 0.596002 -3.21693 -3.84573 3.05124 1.96424 1.049 -0.351566 -3.40352 -3.18966 0.882379 1.54742 0.558457 0.76786 1.15244 0.983946 0.753609 0.457711 0.36957 0.675249 0.533119 0.426937
0.378589 0.326651 0.42921 0.364644 0.427593 0.0836053 1.31469 0.463854 2.88356 -4.97085 0.347767 0.775533 -0.220617 1.85702 -0.276292 0.979707 -3.26654 5.20223 0.931237 7.13157 3.70742 0.994874 -0.514989 0.477435 0.28678 1.05306 1.19752 0.406482 0.626761 0.443553 0.115343 0.376284
0.277886 0.270713 0.432711 0.411305 0.356861 0.277241 0.983399 3.22002 2.87899 3.76111 -6.9499 1.15984 7.41796 3.24945 3.04036 3.05469 0.716753 -0.281751 2.3887 0.124212 0.520796 0.974416 0.206686 -0.0186009 0.420303 0.252883 0.908823 0.605999 0.253424 0.119904 0.621864 0.61114
0.31462 0.296912 0.309562 0.418161 0.369479 0.304354 0.381016 1.1943 0.906045 4.81291 1.65635 -3.15092 -2.66814 0.891136 -0.282915 -0.670071 -0.458923 -0.318424 -1.92339 0.701219 0.294814 0.57534 1.28536 1.87568 1.1445 -0.13734 0.46827 0.242421 0.392407 0.145914 0.498258 0.672323
0.390813 0.319456 0.24573 0.353746 0.452273 0.295367 0.117214 0.597583 1.46571 1.43143 1.46951 -0.478886 -0.179626 -0.186428 -3.40938 -2.79004 4.93331 0.606566 -1.61341 0.134675 -1.02518 0.636187 1.16359 -0.396212 1.86892 0.632317 0.301542 0.444785 0.312461 0.321088 0.53287 0.403587
0.379076 0.366258 0.383863 0.308428 0.387583 0.341506 0.217399 0.422457 0.884498 0.694791 1.04148 -0.485154 0.542906 1.53412 3.1841 -3.81883 -4.33491 0.268395 2.75721 3.04833 0.478432 0.991167 1.09001 -0.493132 0.312437 0.643958 0.822965 0.830231 0.396768 0.40901 0.721675 0.42437
0.335388 0.356833 0.404519 0.320438 0.31848 0.464332 0.234917 0.347529 0.765446 1.00403 0.889816 0.374075 -1.0835 2.38019 3.64649 5.51389 -2.59517 -3.45047 -1.99864 2.73268 -1.16068 1.79544 1.33091 1.34319 -0.309161 0.467486 0.835599 0.940798 0.534444 0.550516 0.197361 0.411229
0.401637 0.278989 0.376511 0.441369 0.477749 0.517828 0.330337 0.246039 0.622748 0.94635 0.873444 1.38413 -0.182149 0.410579 3.67997 3.27509 5.0535 -4.79786 -0.233435 2.99657 0.00844195 0.0643252 1.22248 1.43784 1.05502 0.460018 0.651325 0.331406 0.24608 0.23302 0.330468 0.27311
0.216324 0.409916 0.562689 0.59172 0.506832 0.528361 0.439035 0.17681 0.426485 0.796663 0.884184 0.64262 1.18455 -0.182334 0.38278 2.79856 5.10968 3.12552 0.159189 1.76403 0.494906 0.527321 0.704436 0.738761 0.779539 0.702749 0.130824 0.388324 0.0214178 0.527762 0.661873 0.34532
0.443339 0.564413 0.598629 0.516224 0.432016 0.462894 0.485872 0.191286 0.286225 0.551704 0.947499 0.758894 0.873681 -0.039957 0.55178 1.15682 1.30437 0.514277 -0.114383 0.735234 1.05878 0.781461 0.401459 0.996004 0.82012 0.782396 0.0648971 0.162252 0.327483 0.47715 0.542619 0.411032
0.708947 0.510217 0.396794 0.380532 0.399783 0.425241 0.45539 0.338729 0.156046 0.379971 0.786229 0.884376 0.354268 0.476893 0.790884 0.655479 0.986382 0.401374 -0.199107 0.849561 1.00452 0.523882 0.354337 0.789181 0.617498 0.397805 0.722394 0.319085 0.740684 0.539254 0.240466 0.257282
0.862204 0.485304 0.243424 0.328526 0.410836 0.381752 0.369429 0.414024 0.173597 0.305159 0.488012 1.03515 0.744796 0.12055 0.424279 1.00363 0.889952 0.261913 0.161456 0.893389 0.787311 0.804378 0.328797 0.365423 0.19358 0.211427 0.379298 0.288036 0.49997 0.343806 0.268754 0.338612
0.464539 0.382734 0.339513 0.35815 0.387426 0.362744 0.345102 0.471985 0.428572 0.0691815 0.237255 0.866258 0.921215 0.276074 0.249863 0.808662 0.735242 0.320842 0.349502 0.923411 0.818501 0.423148 0.287296 0.510368 0.236249 0.063311 0.446979 0.464426 0.12717 0.23677 0.34497 0.469906
0.259316 0.421923 0.449625 0.42314 0.384168 0.400299 0.391047 0.486464 0.46971 0.339514 0.184855 0.497813 0.864128 0.475794 0.095067 0.404333 0.367712 0.538585 0.379128 0.252504 0.181786 0.289819 0.720473 0.139362 0.22285 0.411607 0.621264 0.570936 0.240565 0.304372 0.363333 0.455556
0.191085 0.384705 0.438348 0.459845 0.426621 0.435091 0.44728 0.456569 0.429293 0.375558 0.346685 0.357384 0.478625 0.350436 0.327543 0.118114 0.177905 0.658273 0.347632 0.528532 0.349201 0.217271 0.209524 0.152041 0.630613 0.667057 0.385498 0.348678 0.345591 0.382725 0.37986 0.416478
0.236387 0.335739 0.402319 0.501146 0.481628 0.470339 0.453835 0.470757 0.42904 0.411671 0.432461 0.346054 0.21793 0.535362 0.423025 0.372464 0.271042 0.135078 0.222036 0.376399 0.249744 0.20573 0.6212 0.465407 0.309596 0.520864 0.352769 0.215927 0.378943 0.483162 0.437733 0.414368
