0.203562 0.232858 0.393311 0.473143 0.388506 0.350993 0.363974 0.358993 0.328335 0.299145 0.278675 0.273755 0.282413 0.291422 0.301541 0.300352 0.286324 0.271627 0.260022 0.259026 0.266645 0.283729 0.320227 0.395325 0.478547 0.526322 0.545523 0.532238 0.488872 0.444711 0.411855 0.403699 0.412755 0.415548 0.415044 0.398798 0.376526 0.352833 0.32128 0.291913 0.272742 0.293386 0.328096 0.346637 0.304093 0.273022 0.276865 0.270413 0.254895 0.247965 0.245386 0.231916 0.215661 0.199321 0.19509 0.19396 0.195596 0.19394 0.196217 0.201027 0.20468 0.220715 0.222412 0.215544 
0.25359 0.254026 0.325495 0.452393 0.435839 0.381612 0.376568 0.369548 0.338293 0.30498 0.280498 0.273945 0.283916 0.296227 0.310307 0.318604 0.31815 0.312931 0.30604 0.308789 0.327145 0.361573 0.408807 0.455319 0.49757 0.523925 0.53827 0.534322 0.508785 0.473548 0.441896 0.432422 0.435111 0.43325 0.429257 0.41533 0.391225 0.349826 0.296796 0.268229 0.271617 0.341836 0.490004 0.551743 0.479693 0.389 0.330467 0.287528 0.252261 0.239446 0.241564 0.225728 0.216747 0.224617 0.247965 0.286313 0.29331 0.266535 0.233646 0.229447 0.227364 0.231564 0.232712 0.232053 
0.325155 0.296134 0.231274 0.343337 0.498696 0.452862 0.38531 0.367308 0.342508 0.308139 0.278043 0.267666 0.275484 0.289725 0.304455 0.33043 0.364539 0.39636 0.425691 0.443408 0.455311 0.466919 0.480528 0.490572 0.492648 0.497855 0.508791 0.526379 0.53337 0.52208 0.508315 0.504604 0.507124 0.498224 0.476477 0.448512 0.413463 0.343926 0.269996 0.243106 0.253649 0.349914 0.612874 0.736301 0.694054 0.617305 0.48394 0.316078 0.240688 0.221732 0.221364 0.219292 0.344546 0.539635 0.637045 0.686778 0.658166 0.487661 0.284487 0.248697 0.252646 0.248689 0.243885 0.223822 
0.308939 0.273252 0.18765 0.233672 0.481516 0.509571 0.362619 0.332318 0.326374 0.296223 0.268084 0.248276 0.241064 0.245031 0.260212 0.28911 0.324807 0.351791 0.371502 0.383511 0.391605 0.399342 0.404319 0.406216 0.398104 0.390366 0.388531 0.400782 0.425353 0.440225 0.452584 0.459815 0.456971 0.44081 0.407704 0.37571 0.338522 0.285771 0.244234 0.231969 0.240106 0.273476 0.387808 0.489641 0.508217 0.52234 0.490096 0.314329 0.226664 0.212603 0.203703 0.312046 0.645328 0.783465 0.743663 0.727782 0.740407 0.565598 0.291316 0.234939 0.244811 0.251851 0.27735 0.312757 
0.221458 0.21496 0.168031 0.178402 0.345006 0.455306 0.312317 0.272104 0.289762 0.259502 0.238586 0.221992 0.212426 0.212402 0.228262 0.24897 0.264532 0.261205 0.241513 0.229993 0.231515 0.233649 0.227615 0.223236 0.222918 0.215492 0.212847 0.216377 0.226649 0.234889 0.24456 0.249448 0.244214 0.238894 0.23896 0.242774 0.239797 0.234693 0.242673 0.249892 0.248754 0.238759 0.223497 0.215508 0.211247 0.230233 0.320893 0.364379 0.303256 0.297034 0.337156 0.43381 0.563032 0.567287 0.51103 0.486815 0.509528 0.399643 0.242049 0.209334 0.212401 0.228601 0.387756 0.634551 
0.238621 0.227764 0.205284 0.168744 0.197873 0.293113 0.296144 0.298619 0.29203 0.236117 0.216217 0.203118 0.197073 0.197569 0.205609 0.213431 0.222697 0.222187 0.213538 0.210399 0.209461 0.206678 0.20891 0.220563 0.235858 0.24027 0.240909 0.247943 0.257634 0.268253 0.279214 0.294083 0.310182 0.325101 0.335075 0.335515 0.330987 0.329907 0.338617 0.331557 0.308249 0.291148 0.261374 0.233679 0.221582 0.241481 0.400399 0.646658 0.6795 0.609159 0.459538 0.309714 0.258249 0.279857 0.402015 0.454753 0.435776 0.313649 0.216823 0.204084 0.186284 0.18689 0.36251 0.684095 
0.378475 0.424403 0.428933 0.278423 0.173766 0.190599 0.348102 0.548037 0.517382 0.276321 0.19791 0.184497 0.190927 0.188014 0.194749 0.20472 0.218958 0.232394 0.250813 0.274259 0.303416 0.344766 0.410529 0.477578 0.525265 0.542644 0.545074 0.550745 0.577354 0.595028 0.603042 0.609618 0.614689 0.614281 0.601027 0.592163 0.595376 0.59735 0.598153 0.59085 0.581506 0.566008 0.525112 0.438318 0.362945 0.452761 0.683868 0.812346 0.807192 0.645885 0.305388 0.204516 0.203365 0.210016 0.522859 0.71151 0.624472 0.511263 0.412614 0.307127 0.208807 0.198033 0.276599 0.414158 
0.395277 0.480198 0.583768 0.431106 0.205251 0.16564 0.308942 0.576633 0.589263 0.316926 0.208539 0.213175 0.283349 0.343809 0.350965 0.358518 0.390013 0.45068 0.521088 0.571495 0.599313 0.618717 0.63897 0.640392 0.633456 0.644435 0.654197 0.660634 0.665116 0.662469 0.656838 0.648501 0.638275 0.627584 0.611401 0.60915 0.619045 0.62219 0.624149 0.621161 0.616878 0.609959 0.601342 0.606099 0.583472 0.622912 0.718007 0.749172 0.762275 0.550502 0.25198 0.216138 0.215322 0.232112 0.581716 0.806868 0.747743 0.746662 0.789064 0.737844 0.532076 0.320808 0.239993 0.219893 
0.322674 0.327596 0.438124 0.437326 0.289299 0.206543 0.252403 0.358103 0.380642 0.292093 0.280733 0.442381 0.600811 0.648052 0.674814 0.675811 0.674498 0.675575 0.664367 0.654472 0.651781 0.647265 0.634473 0.629277 0.632999 0.633122 0.620181 0.60742 0.600587 0.604311 0.613251 0.616942 0.617674 0.610736 0.603022 0.602692 0.607369 0.610337 0.611671 0.608812 0.605985 0.60047 0.598365 0.606781 0.618125 0.615244 0.622619 0.620342 0.64957 0.475953 0.21957 0.208684 0.219919 0.237415 0.483141 0.754945 0.761807 0.78304 0.839068 0.857596 0.808034 0.462368 0.196645 0.15703 
0.284396 0.231272 0.226627 0.293498 0.39552 0.366748 0.269222 0.245139 0.266195 0.275072 0.506628 0.743325 0.746339 0.666575 0.715913 0.730631 0.726647 0.712829 0.698429 0.688476 0.678177 0.666517 0.643635 0.625643 0.60473 0.559179 0.570639 0.59764 0.59986 0.613173 0.618859 0.620629 0.614445 0.607494 0.605994 0.605921 0.60644 0.604489 0.606804 0.603031 0.597403 0.596847 0.601024 0.605674 0.611499 0.594085 0.574799 0.558125 0.564222 0.50397 0.310613 0.221451 0.215713 0.224697 0.336534 0.600015 0.691212 0.717781 0.77778 0.808941 0.808872 0.492187 0.206466 0.164332 
0.317456 0.242603 0.187797 0.208243 0.465656 0.60367 0.350683 0.226564 0.232777 0.306072 0.688277 0.804968 0.663199 0.512416 0.661569 0.763441 0.790801 0.790385 0.785744 0.752164 0.69996 0.681334 0.684611 0.580322 0.407822 0.339252 0.46496 0.65321 0.69909 0.692162 0.649851 0.644587 0.639681 0.612665 0.605938 0.599243 0.591869 0.587869 0.590029 0.589838 0.59078 0.592352 0.600344 0.600058 0.593912 0.583422 0.593936 0.610098 0.588737 0.604757 0.588532 0.345924 0.204036 0.205701 0.239653 0.471216 0.632339 0.601 0.589264 0.582451 0.556081 0.382857 0.227307 0.182808 
0.40796 0.320283 0.223033 0.196242 0.376746 0.575164 0.417853 0.253413 0.25292 0.437398 0.770591 0.757809 0.499774 0.404354 0.652851 0.797222 0.784656 0.731772 0.67868 0.609799 0.555311 0.566696 0.579252 0.442852 0.308414 0.292436 0.426387 0.646402 0.728072 0.730314 0.674437 0.637938 0.624708 0.604795 0.600107 0.605762 0.604924 0.608392 0.605091 0.609483 0.614266 0.614032 0.621104 0.622928 0.619924 0.624189 0.632372 0.641208 0.614938 0.623284 0.758675 0.678583 0.327178 0.203386 0.190764 0.358413 0.694486 0.713277 0.646436 0.582146 0.479709 0.320825 0.225149 0.200012 
0.490341 0.454683 0.352929 0.25944 0.277192 0.363296 0.397562 0.361301 0.462674 0.650082 0.744221 0.594206 0.38033 0.416174 0.66513 0.723257 0.537452 0.391331 0.34522 0.335406 0.394212 0.461538 0.45159 0.398142 0.385126 0.375407 0.408103 0.491162 0.572305 0.631974 0.644539 0.605782 0.476464 0.375661 0.353164 0.399175 0.516179 0.611995 0.620696 0.630884 0.650061 0.644792 0.640511 0.648087 0.645401 0.640152 0.643245 0.640246 0.623421 0.654781 0.77714 0.83481 0.679259 0.322275 0.186752 0.258931 0.689238 0.817836 0.790486 0.79156 0.73889 0.581034 0.366956 0.323323 
0.390278 0.428542 0.451888 0.3699 0.267152 0.267589 0.320502 0.346101 0.430373 0.482868 0.447414 0.416599 0.392441 0.441114 0.50191 0.431714 0.334224 0.321893 0.361371 0.432794 0.528184 0.57914 0.575577 0.588543 0.62226 0.615799 0.574398 0.544049 0.536524 0.539033 0.555736 0.561088 0.471716 0.365112 0.287138 0.257142 0.313713 0.380007 0.422964 0.495205 0.574534 0.599937 0.60682 0.6116 0.598255 0.599233 0.62198 0.616059 0.590586 0.607716 0.663966 0.715908 0.750505 0.497177 0.246906 0.204224 0.479847 0.775021 0.816823 0.831017 0.853807 0.864468 0.777474 0.715883 
0.263674 0.273285 0.384342 0.367861 0.252228 0.229518 0.268799 0.265714 0.260257 0.256873 0.267419 0.404232 0.468967 0.373714 0.261387 0.233631 0.409766 0.643583 0.732421 0.740437 0.73221 0.729832 0.735144 0.74351 0.749862 0.745496 0.728756 0.713429 0.702183 0.68331 0.672469 0.668864 0.642326 0.625719 0.484616 0.316752 0.287701 0.272389 0.360601 0.413914 0.343567 0.342936 0.39299 0.413363 0.403967 0.418102 0.455789 0.463395 0.413807 0.35577 0.349225 0.363355 0.402981 0.387782 0.276441 0.218079 0.235694 0.404106 0.586102 0.732107 0.847484 0.898739 0.858082 0.859737 
0.275314 0.269892 0.332129 0.314123 0.250558 0.273886 0.381367 0.295844 0.231527 0.27346 0.439345 0.633726 0.557547 0.303534 0.23243 0.242798 0.519872 0.774692 0.814608 0.831102 0.802049 0.773723 0.774344 0.775942 0.771063 0.759985 0.752369 0.747489 0.743866 0.741572 0.735556 0.727989 0.733502 0.759572 0.500903 0.298351 0.32317 0.488888 0.763062 0.766879 0.421455 0.265632 0.300013 0.369526 0.364179 0.294147 0.266016 0.30795 0.335738 0.324058 0.298642 0.280237 0.29987 0.348813 0.409734 0.418914 0.368135 0.287767 0.253668 0.294242 0.411988 0.561142 0.670411 0.711989 
0.547742 0.506771 0.381138 0.305811 0.305219 0.512508 0.725174 0.468471 0.207019 0.321593 0.697944 0.836416 0.522489 0.241008 0.232123 0.22504 0.394731 0.550866 0.62377 0.713385 0.772378 0.78132 0.770981 0.75647 0.74253 0.736056 0.735814 0.739516 0.748926 0.75477 0.754466 0.754794 0.79088 0.713339 0.338586 0.24296 0.356953 0.772286 0.892008 0.846332 0.503851 0.29088 0.328108 0.537418 0.771174 0.634445 0.303434 0.279026 0.325889 0.466937 0.623858 0.607046 0.561345 0.570733 0.618674 0.648601 0.625156 0.577563 0.486143 0.348028 0.256283 0.230418 0.256525 0.297274 
0.617083 0.493358 0.300111 0.264759 0.304301 0.49941 0.739844 0.583463 0.275633 0.244543 0.547347 0.703294 0.458146 0.324144 0.309838 0.247227 0.314711 0.34619 0.310376 0.333582 0.436626 0.558522 0.649316 0.699525 0.721533 0.727252 0.732465 0.732869 0.72614 0.726581 0.706416 0.691496 0.678294 0.445324 0.262484 0.264482 0.414487 0.837682 0.901852 0.819426 0.503711 0.325237 0.337722 0.486977 0.77809 0.820239 0.489583 0.310653 0.295756 0.357164 0.539369 0.659458 0.654761 0.628148 0.61469 0.615629 0.617243 0.634197 0.681731 0.6632 0.562235 0.408786 0.276235 0.218267 
0.246096 0.249205 0.319746 0.321155 0.265117 0.261644 0.366656 0.405987 0.306611 0.221706 0.208851 0.293505 0.356397 0.545931 0.679788 0.617667 0.499602 0.443552 0.346577 0.276358 0.263296 0.281513 0.32655 0.392888 0.465838 0.534889 0.590416 0.584395 0.521095 0.461835 0.396851 0.33721 0.282322 0.256526 0.273999 0.279449 0.323318 0.466976 0.52246 0.465757 0.361508 0.300893 0.305588 0.363579 0.519558 0.717403 0.692541 0.474323 0.331639 0.293226 0.306937 0.468752 0.632221 0.62765 0.6056 0.612185 0.617125 0.621178 0.629712 0.625704 0.6167 0.61571 0.536738 0.431352 
0.178551 0.212116 0.325445 0.353968 0.28625 0.253121 0.258815 0.275151 0.244085 0.245148 0.238282 0.23332 0.237806 0.463557 0.758877 0.786502 0.701783 0.640529 0.612788 0.547957 0.45716 0.370216 0.293084 0.249647 0.25192 0.276024 0.300665 0.309998 0.300008 0.278255 0.272277 0.280702 0.28333 0.303535 0.334677 0.325897 0.312758 0.343563 0.377303 0.389211 0.403332 0.382583 0.37262 0.379055 0.414618 0.579721 0.744331 0.619166 0.392886 0.307419 0.262755 0.286858 0.464458 0.603526 0.628607 0.631091 0.621274 0.607254 0.606203 0.635833 0.668735 0.649726 0.60657 0.624455 
0.209392 0.227962 0.295516 0.347624 0.361846 0.325895 0.27987 0.268808 0.238857 0.375496 0.654779 0.531654 0.266094 0.269023 0.589869 0.767731 0.756966 0.736666 0.761855 0.786381 0.765315 0.72509 0.649343 0.533574 0.411908 0.313514 0.224385 0.194963 0.216358 0.261078 0.474562 0.724822 0.703652 0.670019 0.662562 0.661542 0.68114 0.700994 0.708737 0.725793 0.751453 0.750047 0.73192 0.676245 0.580927 0.530298 0.572062 0.522346 0.383279 0.328936 0.292824 0.263506 0.271632 0.420399 0.615605 0.685431 0.661484 0.627861 0.604312 0.62581 0.654412 0.64251 0.619703 0.626402 
0.245031 0.271657 0.330407 0.366403 0.379775 0.335023 0.272973 0.260594 0.262809 0.424342 0.668561 0.659168 0.324711 0.193712 0.320469 0.608535 0.731736 0.718357 0.715649 0.741352 0.740748 0.732413 0.732956 0.754764 0.750384 0.692666 0.526269 0.325385 0.235722 0.212364 0.392556 0.726208 0.787246 0.818005 0.837838 0.825275 0.805993 0.78839 0.774809 0.76244 0.749492 0.760454 0.776571 0.777088 0.754286 0.711784 0.668893 0.567105 0.384587 0.342236 0.432209 0.48924 0.360956 0.264979 0.338006 0.49749 0.613409 0.64631 0.620216 0.60767 0.6311 0.66093 0.646988 0.624501 
0.253396 0.319513 0.42279 0.398104 0.320664 0.276114 0.314308 0.370153 0.326841 0.290474 0.286929 0.460376 0.513179 0.289859 0.220964 0.355137 0.619432 0.714755 0.713836 0.723837 0.728997 0.722352 0.718431 0.732298 0.739586 0.74641 0.738716 0.69027 0.569656 0.356153 0.234493 0.372306 0.614099 0.737471 0.765796 0.773431 0.791569 0.775037 0.75056 0.73018 0.716529 0.722512 0.725603 0.722583 0.716954 0.745318 0.777292 0.751991 0.50043 0.35519 0.590742 0.824538 0.764263 0.46785 0.228288 0.213727 0.328432 0.561798 0.666566 0.629655 0.611281 0.631658 0.643295 0.636506 
0.348888 0.370678 0.379492 0.337143 0.289601 0.299251 0.496606 0.587321 0.395223 0.282226 0.254949 0.317512 0.610943 0.546993 0.262326 0.2173 0.317991 0.614351 0.743026 0.715463 0.719909 0.73038 0.724015 0.734109 0.734266 0.738905 0.745457 0.740282 0.783455 0.724118 0.411161 0.20005 0.214823 0.281179 0.32077 0.37569 0.492954 0.621372 0.705714 0.745706 0.759095 0.756153 0.743971 0.731113 0.712485 0.729447 0.749431 0.776553 0.630832 0.357853 0.483062 0.73982 0.820719 0.566764 0.265159 0.198923 0.278416 0.438887 0.548211 0.621188 0.641672 0.646216 0.654353 0.654095 
0.521217 0.406669 0.299254 0.279901 0.300875 0.382785 0.625713 0.626363 0.37182 0.335777 0.352917 0.28726 0.500082 0.73573 0.508801 0.241999 0.189879 0.276618 0.613679 0.751613 0.710793 0.715454 0.72678 0.740653 0.733837 0.724389 0.72526 0.728318 0.750923 0.779865 0.729355 0.386791 0.230342 0.261693 0.328537 0.323878 0.288389 0.338921 0.416254 0.514844 0.622194 0.7182 0.779654 0.77391 0.742835 0.726629 0.729909 0.762919 0.739077 0.47232 0.335699 0.457034 0.550042 0.41725 0.268519 0.26732 0.515356 0.58353 0.386736 0.422374 0.601546 0.666238 0.660692 0.667814 
0.5966 0.42704 0.276865 0.270258 0.306884 0.405879 0.639097 0.59 0.348959 0.399549 0.509643 0.395624 0.359858 0.602144 0.70835 0.450261 0.243094 0.189145 0.290001 0.641541 0.750303 0.719267 0.714165 0.724107 0.724252 0.726427 0.723619 0.722415 0.735069 0.739509 0.764121 0.522271 0.238838 0.288933 0.628625 0.641295 0.442505 0.374789 0.343975 0.321344 0.350837 0.426882 0.545946 0.672782 0.746943 0.741343 0.723462 0.749936 0.789842 0.635827 0.343909 0.344893 0.419244 0.370724 0.287411 0.345576 0.681004 0.733701 0.447711 0.322737 0.403311 0.521219 0.593775 0.61683 
0.558445 0.436657 0.30378 0.281258 0.296495 0.386652 0.616971 0.554018 0.326592 0.415885 0.639979 0.549995 0.322818 0.388576 0.649993 0.668912 0.434105 0.260038 0.189503 0.283973 0.635247 0.74324 0.705963 0.710207 0.723321 0.740164 0.7293 0.715973 0.72685 0.729911 0.73061 0.581561 0.240348 0.298992 0.752883 0.800768 0.716867 0.666154 0.631082 0.56487 0.443879 0.329413 0.279472 0.311521 0.409577 0.516026 0.59746 0.702144 0.798683 0.747333 0.449821 0.365886 0.466176 0.451136 0.309393 0.323088 0.631595 0.75394 0.541885 0.429833 0.390125 0.336659 0.32052 0.328836 
0.425175 0.40389 0.363756 0.327542 0.317925 0.390892 0.585682 0.514868 0.318345 0.384145 0.666232 0.642003 0.345372 0.320277 0.59202 0.699353 0.622727 0.455788 0.276809 0.171742 0.275986 0.642341 0.744875 0.708212 0.706486 0.721975 0.726143 0.729227 0.73323 0.723955 0.721529 0.69012 0.375788 0.233806 0.578754 0.818023 0.791886 0.784509 0.749248 0.746432 0.707003 0.600434 0.477208 0.383647 0.320706 0.323785 0.380496 0.491871 0.660809 0.666277 0.447057 0.386505 0.53641 0.571799 0.370627 0.282527 0.432799 0.509633 0.438212 0.427694 0.435779 0.324872 0.252609 0.227395 
0.321412 0.356876 0.391481 0.398489 0.391849 0.425155 0.544677 0.468007 0.322166 0.347963 0.646226 0.719366 0.387138 0.249692 0.504485 0.680294 0.665008 0.631188 0.490725 0.277972 0.167319 0.293372 0.654553 0.74648 0.71096 0.715162 0.716893 0.731472 0.732917 0.72383 0.715419 0.725244 0.653615 0.297521 0.242049 0.556089 0.783645 0.80458 0.767153 0.735056 0.73258 0.74729 0.747333 0.722936 0.651807 0.534474 0.417734 0.324964 0.325157 0.322586 0.282369 0.32653 0.562671 0.707354 0.479823 0.278992 0.292401 0.27796 0.297489 0.410823 0.462206 0.352333 0.292168 0.256655 
0.352239 0.357959 0.373939 0.373699 0.366553 0.394078 0.508616 0.473757 0.334249 0.332686 0.622164 0.76869 0.513386 0.253795 0.356074 0.595767 0.69463 0.659695 0.649148 0.536713 0.271183 0.166249 0.266146 0.634515 0.754282 0.718901 0.712806 0.722887 0.722757 0.729986 0.731479 0.70702 0.740569 0.652342 0.332945 0.237054 0.430181 0.649178 0.710852 0.723906 0.729324 0.735579 0.741078 0.756983 0.751177 0.75263 0.744339 0.70452 0.630543 0.464379 0.328752 0.325042 0.530891 0.675257 0.470185 0.283115 0.269402 0.259858 0.444434 0.664564 0.514599 0.314772 0.294273 0.263497 
0.463774 0.430686 0.370925 0.314327 0.292546 0.319483 0.45949 0.519121 0.353832 0.317504 0.558373 0.76918 0.677364 0.350097 0.252238 0.420705 0.671565 0.668484 0.644869 0.675395 0.506284 0.252959 0.151426 0.267665 0.613958 0.736945 0.721592 0.726197 0.718337 0.730799 0.743698 0.721836 0.68964 0.750233 0.682852 0.338253 0.204225 0.300831 0.446939 0.630884 0.748671 0.77431 0.751538 0.744159 0.739724 0.751497 0.754894 0.74707 0.768744 0.787982 0.70266 0.571235 0.482383 0.457651 0.337686 0.266571 0.250157 0.307892 0.696276 0.820285 0.532825 0.252022 0.281076 0.282527 
0.518963 0.479447 0.404047 0.322605 0.281121 0.287597 0.371126 0.492813 0.386543 0.323124 0.473143 0.733639 0.769462 0.463482 0.236589 0.30447 0.586336 0.685472 0.649112 0.646747 0.67352 0.513304 0.238376 0.178366 0.248599 0.58119 0.750198 0.729322 0.72035 0.726367 0.723236 0.73046 0.727425 0.698546 0.755265 0.64494 0.296657 0.230703 0.296173 0.411566 0.520008 0.650697 0.754214 0.766666 0.720378 0.707518 0.730901 0.730735 0.720638 0.73426 0.773108 0.768844 0.672255 0.562886 0.417995 0.285198 0.244141 0.33102 0.755173 0.831244 0.63395 0.350842 0.327979 0.326978 
0.482334 0.462384 0.431066 0.372102 0.323453 0.304177 0.298553 0.411403 0.428307 0.364853 0.411405 0.672585 0.801674 0.599973 0.292092 0.248924 0.439401 0.67445 0.664834 0.624146 0.65664 0.693539 0.467473 0.222484 0.163651 0.248091 0.542384 0.741367 0.755639 0.739613 0.730058 0.721933 0.738299 0.723327 0.71478 0.744853 0.525579 0.314977 0.346485 0.380344 0.335478 0.331809 0.439395 0.633592 0.758222 0.751412 0.724753 0.735364 0.735246 0.721446 0.72435 0.741414 0.7607 0.770936 0.663756 0.388539 0.273974 0.337811 0.588327 0.755313 0.661662 0.505693 0.46596 0.422552 
0.447676 0.433414 0.407947 0.380578 0.362036 0.337776 0.299584 0.365467 0.450997 0.424184 0.395438 0.560554 0.777854 0.721459 0.429178 0.246102 0.283512 0.559122 0.698001 0.626575 0.631659 0.682997 0.699606 0.499807 0.236021 0.194773 0.222237 0.442892 0.685651 0.761505 0.748324 0.713515 0.711155 0.735086 0.719134 0.715323 0.694821 0.451391 0.347656 0.391572 0.417086 0.340016 0.308433 0.354844 0.487288 0.667181 0.746159 0.773798 0.76552 0.728828 0.701073 0.72778 0.767314 0.773814 0.661732 0.419224 0.396545 0.533666 0.534598 0.447562 0.357616 0.372152 0.474094 0.513919 
0.434857 0.40416 0.357375 0.347041 0.360942 0.354498 0.327382 0.353178 0.451888 0.467196 0.417406 0.451226 0.704843 0.780948 0.63965 0.330507 0.209463 0.354125 0.671471 0.66681 0.616951 0.632288 0.677614 0.714072 0.483064 0.192556 0.200175 0.192906 0.263678 0.515955 0.742375 0.786758 0.751165 0.73409 0.723734 0.707172 0.712971 0.575139 0.298342 0.331355 0.698909 0.702589 0.489008 0.367017 0.285761 0.313786 0.435372 0.602852 0.768507 0.788399 0.721035 0.723782 0.751623 0.714489 0.482832 0.34012 0.592939 0.867855 0.770862 0.305718 0.158419 0.196968 0.364867 0.5105 
0.396401 0.364946 0.326335 0.327678 0.368178 0.37013 0.341194 0.338749 0.41043 0.467344 0.429287 0.40692 0.615405 0.78955 0.748257 0.480991 0.241067 0.22931 0.527799 0.715967 0.629463 0.614517 0.653327 0.678631 0.714043 0.382841 0.188531 0.231428 0.209026 0.195861 0.361483 0.628671 0.784322 0.773638 0.73714 0.729046 0.714291 0.690977 0.354492 0.204576 0.597339 0.806165 0.721877 0.579874 0.438352 0.340011 0.287559 0.300542 0.461493 0.668509 0.764205 0.765743 0.783773 0.732528 0.436681 0.271119 0.444636 0.60373 0.577742 0.338359 0.228097 0.208529 0.302907 0.434161 
0.352732 0.330608 0.311911 0.325864 0.383949 0.390406 0.347322 0.328658 0.362377 0.433579 0.433835 0.397898 0.527289 0.767538 0.76596 0.638888 0.357028 0.206058 0.296085 0.658318 0.674106 0.620066 0.654546 0.625316 0.687875 0.621824 0.227516 0.199473 0.292018 0.27273 0.187074 0.216865 0.436291 0.706409 0.7897 0.771015 0.739364 0.779651 0.609939 0.221389 0.275864 0.6114 0.769786 0.748937 0.706721 0.669627 0.569222 0.380988 0.259005 0.299109 0.463898 0.659121 0.804309 0.836139 0.661861 0.329681 0.217791 0.224045 0.208228 0.305334 0.56614 0.580024 0.412502 0.342187 
0.332732 0.322621 0.322307 0.335018 0.3727 0.378451 0.354092 0.337386 0.347862 0.402312 0.436133 0.424715 0.478309 0.699273 0.751701 0.71277 0.540861 0.270123 0.192805 0.449421 0.688468 0.64221 0.620064 0.633534 0.661203 0.706069 0.403785 0.16835 0.318905 0.449042 0.3496 0.240508 0.222847 0.312161 0.540858 0.720402 0.770828 0.800344 0.779296 0.347802 0.228062 0.358741 0.739275 0.804587 0.758446 0.732179 0.762166 0.715454 0.538563 0.371374 0.302194 0.358111 0.545744 0.695058 0.657419 0.460828 0.317624 0.243406 0.197671 0.244379 0.65409 0.813634 0.633404 0.417388 
0.330196 0.332444 0.342756 0.343634 0.343772 0.346518 0.351569 0.347434 0.350875 0.381568 0.445256 0.469699 0.458634 0.580767 0.726776 0.719927 0.700709 0.419581 0.203471 0.23565 0.588796 0.708097 0.6186 0.613596 0.635057 0.657464 0.609039 0.200898 0.239613 0.532544 0.684077 0.4919 0.27166 0.221689 0.238216 0.343333 0.515428 0.68839 0.698571 0.362201 0.223334 0.220077 0.55559 0.792247 0.769123 0.727251 0.723095 0.75979 0.794731 0.71779 0.541124 0.390123 0.319954 0.352371 0.35284 0.421703 0.537805 0.362307 0.229414 0.241495 0.478003 0.767062 0.642151 0.516432 
0.343349 0.345495 0.347397 0.336606 0.317929 0.322208 0.348451 0.357496 0.35736 0.370806 0.440732 0.481603 0.431743 0.47384 0.693184 0.736243 0.732905 0.58884 0.279488 0.166911 0.393337 0.703391 0.616806 0.626944 0.634973 0.607008 0.698743 0.379022 0.190923 0.359383 0.744778 0.746952 0.502876 0.349542 0.274768 0.225978 0.24756 0.330366 0.399241 0.306468 0.227129 0.204481 0.295215 0.574317 0.755111 0.728506 0.713696 0.719034 0.727593 0.762221 0.768508 0.715534 0.574324 0.398005 0.261477 0.327194 0.606439 0.511349 0.236299 0.232084 0.367797 0.53773 0.43817 0.397753 
0.369972 0.362541 0.339796 0.318461 0.303459 0.311336 0.343714 0.36116 0.36627 0.375057 0.421431 0.466566 0.432391 0.412604 0.598302 0.75997 0.721583 0.692174 0.435673 0.206578 0.218245 0.564401 0.632307 0.659491 0.644612 0.5937 0.668138 0.535696 0.224593 0.206891 0.517391 0.777963 0.733069 0.632223 0.524398 0.332665 0.230396 0.223328 0.250067 0.276423 0.258894 0.225292 0.203722 0.254065 0.470518 0.707394 0.758819 0.725727 0.701637 0.726574 0.767277 0.765106 0.731728 0.68633 0.525234 0.341467 0.356159 0.381431 0.26714 0.285532 0.433145 0.460029 0.312679 0.283741 
0.400193 0.377647 0.336286 0.31949 0.327293 0.331358 0.333028 0.353052 0.377064 0.385197 0.400829 0.444683 0.453339 0.42032 0.508406 0.725636 0.721981 0.703503 0.626479 0.313282 0.18105 0.368601 0.640733 0.672804 0.630116 0.612873 0.623088 0.616269 0.324771 0.194429 0.333642 0.641534 0.780687 0.775847 0.762598 0.578558 0.317642 0.243916 0.247694 0.351496 0.483454 0.40224 0.297474 0.235714 0.228936 0.389749 0.640946 0.750619 0.743331 0.720308 0.704304 0.725132 0.731975 0.743073 0.763607 0.55936 0.280382 0.265471 0.294763 0.432742 0.725967 0.642789 0.31891 0.28333 
0.404181 0.379762 0.344903 0.352446 0.405258 0.398118 0.33887 0.334326 0.371034 0.381708 0.379127 0.419383 0.478605 0.47032 0.462106 0.607704 0.718791 0.694506 0.727923 0.504171 0.217805 0.209045 0.547107 0.69607 0.630214 0.618599 0.597043 0.638423 0.526193 0.220166 0.236813 0.464209 0.721014 0.741911 0.744052 0.735538 0.580349 0.382556 0.286863 0.463009 0.760389 0.748465 0.623129 0.479134 0.338584 0.233069 0.291751 0.539277 0.758605 0.75681 0.697329 0.693797 0.714338 0.736582 0.765153 0.723847 0.396107 0.270161 0.238786 0.43109 0.858632 0.808196 0.355825 0.260844 
0.367421 0.362378 0.354638 0.380832 0.448719 0.446543 0.366231 0.330148 0.349191 0.359546 0.361831 0.405897 0.491266 0.502304 0.446579 0.505416 0.69406 0.718513 0.727473 0.654657 0.312567 0.17542 0.357857 0.668161 0.620383 0.635776 0.599667 0.589725 0.656999 0.355029 0.188945 0.330782 0.651208 0.724569 0.698109 0.722082 0.748046 0.605255 0.336544 0.412266 0.744188 0.796195 0.774373 0.749539 0.655524 0.461726 0.282685 0.27223 0.498858 0.739607 0.750847 0.70726 0.709943 0.739946 0.748812 0.751291 0.450701 0.264004 0.26802 0.462679 0.65655 0.57154 0.402927 0.356463 
0.322997 0.331446 0.349811 0.380869 0.407712 0.418225 0.390779 0.347612 0.326451 0.329812 0.357164 0.407558 0.464555 0.490656 0.465701 0.461824 0.621208 0.747635 0.708424 0.711221 0.473058 0.2208 0.209754 0.537538 0.635047 0.651883 0.617514 0.566832 0.637508 0.535231 0.222133 0.2125 0.517573 0.745582 0.703903 0.702601 0.738217 0.714822 0.385506 0.289401 0.568361 0.760661 0.755147 0.742553 0.768421 0.755054 0.605458 0.351071 0.223884 0.445724 0.732474 0.778805 0.734714 0.707801 0.739602 0.723105 0.414918 0.420516 0.658883 0.566981 0.328065 0.250707 0.366311 0.521391 
0.350591 0.350338 0.350814 0.347113 0.354606 0.381001 0.389176 0.365804 0.336024 0.331463 0.3674 0.404139 0.42891 0.467117 0.491673 0.459731 0.542749 0.724695 0.713113 0.699905 0.640836 0.31431 0.180805 0.359778 0.636095 0.653898 0.616009 0.602387 0.589393 0.614593 0.34324 0.174384 0.336292 0.698264 0.728047 0.704799 0.721643 0.743202 0.557893 0.296632 0.361184 0.639313 0.747505 0.722755 0.731179 0.76113 0.776802 0.701182 0.397487 0.239611 0.424194 0.729366 0.777699 0.69541 0.606269 0.524621 0.432764 0.623632 0.699843 0.412794 0.252053 0.242955 0.324407 0.45857 
0.456881 0.410391 0.318709 0.285708 0.339834 0.405332 0.405448 0.398314 0.40187 0.40231 0.411581 0.413783 0.406521 0.437784 0.496866 0.478667 0.494661 0.635351 0.72148 0.688391 0.725941 0.488876 0.210072 0.206221 0.537132 0.689881 0.622863 0.61919 0.569202 0.608463 0.514867 0.210541 0.201028 0.533571 0.766533 0.725716 0.707982 0.728451 0.74812 0.486818 0.261626 0.459013 0.750052 0.741033 0.719867 0.732439 0.741546 0.771603 0.718064 0.463096 0.280421 0.468317 0.690558 0.66066 0.40792 0.306555 0.422551 0.489782 0.349567 0.250701 0.270775 0.282348 0.308898 0.344322 
0.474778 0.397918 0.295676 0.301115 0.405561 0.468915 0.466026 0.465762 0.467354 0.468772 0.463416 0.440649 0.403426 0.4166 0.488067 0.500453 0.4828 0.552597 0.703403 0.71293 0.729237 0.649346 0.30589 0.168434 0.354232 0.690987 0.614995 0.634937 0.580301 0.576878 0.632005 0.346364 0.175338 0.336666 0.722778 0.739355 0.708484 0.709463 0.766013 0.701777 0.336196 0.30095 0.668467 0.769925 0.721821 0.722216 0.742445 0.736241 0.74719 0.699921 0.487059 0.311739 0.476948 0.612964 0.456786 0.324674 0.327066 0.268712 0.225426 0.295903 0.389231 0.343578 0.307826 0.291092 
0.304694 0.301685 0.347985 0.433545 0.48945 0.50019 0.509532 0.503773 0.486064 0.482588 0.482901 0.462529 0.418124 0.397984 0.457319 0.498688 0.483988 0.495081 0.634106 0.736324 0.718665 0.726038 0.48819 0.220609 0.211127 0.586445 0.629692 0.668558 0.610233 0.559187 0.625174 0.547789 0.242353 0.201827 0.584164 0.742288 0.717539 0.72256 0.72106 0.767999 0.55599 0.225595 0.447143 0.762376 0.745827 0.73345 0.731481 0.731605 0.730505 0.742364 0.701128 0.403695 0.332681 0.551418 0.671164 0.455439 0.183762 0.168252 0.384067 0.669894 0.62255 0.369536 0.318135 0.299041 
0.259612 0.333734 0.477446 0.530121 0.512515 0.509302 0.513661 0.499556 0.47944 0.474392 0.473678 0.459754 0.43423 0.394123 0.396381 0.462008 0.498011 0.476373 0.556123 0.705086 0.724387 0.724164 0.661204 0.322792 0.175805 0.430037 0.653806 0.675161 0.6155 0.583587 0.585005 0.635415 0.399881 0.161232 0.41903 0.729506 0.697864 0.742087 0.723426 0.724582 0.740299 0.37972 0.301414 0.653915 0.747663 0.731411 0.724221 0.727443 0.736105 0.738171 0.760346 0.565458 0.269545 0.353897 0.552147 0.379903 0.141601 0.151728 0.502569 0.787215 0.650072 0.401178 0.354098 0.336735 
0.375509 0.452683 0.525965 0.523384 0.509418 0.502534 0.492298 0.476679 0.466427 0.458673 0.449675 0.444805 0.437438 0.408179 0.356784 0.388892 0.492997 0.517991 0.512151 0.622727 0.725741 0.722302 0.739872 0.480278 0.198845 0.282545 0.628326 0.694521 0.629002 0.60215 0.564091 0.610829 0.577564 0.228969 0.269105 0.666978 0.706836 0.752652 0.728442 0.694816 0.764246 0.631598 0.309768 0.49373 0.73329 0.730122 0.725976 0.736121 0.730143 0.732686 0.738318 0.661606 0.255188 0.190957 0.27902 0.269083 0.190267 0.216726 0.410102 0.571867 0.514907 0.435332 0.409515 0.396987 
0.518151 0.523597 0.49879 0.489143 0.490596 0.48492 0.47237 0.461429 0.449784 0.440063 0.432448 0.433332 0.429068 0.411351 0.364208 0.344852 0.436302 0.532383 0.50898 0.551994 0.69216 0.735935 0.750678 0.638816 0.282438 0.204053 0.512579 0.708927 0.633427 0.609915 0.568884 0.569745 0.658351 0.385584 0.200315 0.541812 0.746642 0.745719 0.722516 0.702452 0.721389 0.764153 0.437746 0.336586 0.673679 0.734243 0.72033 0.735136 0.741872 0.715402 0.62512 0.589887 0.449556 0.273711 0.217263 0.238403 0.327905 0.385852 0.352068 0.354984 0.36896 0.380937 0.390158 0.403721 
0.545879 0.522691 0.486725 0.457011 0.460019 0.463187 0.458359 0.445759 0.432798 0.427116 0.427798 0.427682 0.420382 0.403179 0.383425 0.3576 0.370554 0.462791 0.51123 0.521699 0.637364 0.729342 0.740267 0.741879 0.431024 0.208269 0.342463 0.677823 0.647753 0.622985 0.577804 0.556845 0.649616 0.554746 0.239436 0.367489 0.72397 0.7503 0.728682 0.714327 0.701272 0.774904 0.600669 0.291308 0.526435 0.720913 0.716544 0.727849 0.761754 0.670757 0.327289 0.442114 0.775322 0.630764 0.262747 0.329723 0.613768 0.653609 0.433056 0.335483 0.335907 0.341766 0.364513 0.384076 
0.635426 0.59558 0.513925 0.420612 0.401598 0.419247 0.433987 0.431832 0.42215 0.419869 0.42433 0.419324 0.407591 0.390359 0.380732 0.373154 0.360852 0.390901 0.481833 0.53131 0.598937 0.694107 0.718076 0.751226 0.598577 0.281548 0.235471 0.56219 0.665554 0.627226 0.575171 0.567158 0.61357 0.639318 0.361002 0.259701 0.638263 0.760764 0.730161 0.72017 0.718585 0.734264 0.704035 0.473813 0.45137 0.58878 0.647921 0.655161 0.684083 0.499036 0.173969 0.462393 0.804837 0.637706 0.262875 0.322649 0.671677 0.773004 0.520985 0.347234 0.33394 0.339613 0.371487 0.393073 
0.755186 0.729284 0.615271 0.401158 0.347094 0.376632 0.4094 0.420112 0.416419 0.414515 0.416779 0.408217 0.394141 0.379559 0.371694 0.37071 0.368264 0.368827 0.426588 0.507484 0.571357 0.646707 0.686031 0.717533 0.710814 0.43453 0.219548 0.382415 0.633089 0.635004 0.581092 0.580737 0.591544 0.645833 0.488202 0.25872 0.516512 0.749493 0.730468 0.699963 0.71328 0.711144 0.724929 0.679529 0.439267 0.389851 0.472675 0.440686 0.360926 0.271474 0.260787 0.460522 0.616894 0.399819 0.236818 0.257383 0.444018 0.679305 0.522156 0.354402 0.332138 0.34622 0.394782 0.419854 
0.714581 0.713569 0.618442 0.404527 0.342128 0.358884 0.387889 0.402763 0.403472 0.401848 0.400905 0.394944 0.385463 0.374484 0.369725 0.367854 0.371419 0.371214 0.387312 0.426003 0.478301 0.576208 0.684236 0.713676 0.736339 0.599452 0.281898 0.271505 0.559506 0.652165 0.595605 0.594829 0.602211 0.63387 0.53462 0.293638 0.418252 0.700696 0.732996 0.710032 0.711026 0.695134 0.714469 0.69495 0.36112 0.258133 0.455389 0.540187 0.303865 0.238699 0.264641 0.29244 0.337242 0.322011 0.232442 0.200736 0.244724 0.393708 0.431519 0.360137 0.341551 0.363118 0.417223 0.441064 
0.492469 0.501215 0.451911 0.386423 0.368691 0.370682 0.379075 0.384321 0.388839 0.390027 0.388774 0.386359 0.383022 0.377526 0.37575 0.372222 0.375732 0.37505 0.376467 0.384335 0.397288 0.460558 0.646604 0.748462 0.742369 0.701306 0.408471 0.240135 0.435207 0.657662 0.594427 0.568206 0.607761 0.639185 0.508607 0.314376 0.388405 0.648692 0.767769 0.746841 0.737184 0.719934 0.668154 0.53336 0.293603 0.155916 0.627257 0.869361 0.480922 0.264328 0.205123 0.184605 0.257976 0.511186 0.461474 0.215991 0.199369 0.268901 0.359748 0.37934 0.357432 0.374558 0.421548 0.446414 
0.367275 0.422293 0.41871 0.407071 0.408213 0.399272 0.390324 0.386992 0.390408 0.391362 0.393059 0.39521 0.395085 0.391585 0.387546 0.381669 0.381062 0.379112 0.378293 0.375151 0.375821 0.384519 0.511635 0.697762 0.71125 0.698032 0.553727 0.296713 0.283855 0.530413 0.624263 0.58058 0.593172 0.551274 0.405616 0.331329 0.372919 0.527335 0.69267 0.730819 0.734577 0.660322 0.402239 0.715388 1.28955 0.673829 0.631622 0.772988 0.316697 0.219439 0.17435 0.190999 0.331401 0.585593 0.678456 0.388543 0.229609 0.251829 0.334661 0.378053 0.363433 0.372572 0.410575 0.431326 
0.330186 0.41745 0.450958 0.434696 0.434949 0.423255 0.410575 0.400113 0.399369 0.400891 0.408715 0.416161 0.419146 0.414415 0.405065 0.395194 0.388914 0.38221 0.380086 0.377837 0.381947 0.376676 0.40745 0.531048 0.626771 0.653823 0.604904 0.38049 0.225503 0.347801 0.612462 0.619685 0.481641 0.327746 0.297825 0.38762 0.386474 0.347302 0.359093 0.356784 0.335979 0.304216 0.2845 0.528894 1.27654 0.828518 0.58889 0.345882 0.255587 0.219948 0.214875 0.356114 0.513494 0.576459 0.618359 0.473158 0.304191 0.289007 0.345573 0.372012 0.362211 0.370359 0.396527 0.406123 
0.273047 0.361115 0.433789 0.434127 0.435056 0.432717 0.430505 0.418363 0.413656 0.415604 0.424933 0.433042 0.44026 0.438138 0.42988 0.417658 0.406327 0.3927 0.386912 0.385547 0.402233 0.4062 0.395896 0.445695 0.581347 0.60747 0.472287 0.322674 0.252798 0.290205 0.434319 0.453122 0.303451 0.239796 0.471682 0.648347 0.448527 0.263005 0.266029 0.266363 0.252046 0.297743 0.326132 0.165829 0.510437 0.809309 -0.604272 -1.09084 0.148095 0.426276 0.502338 0.570128 0.511744 0.462235 0.509472 0.465781 0.359418 0.331867 0.367811 0.372069 0.359968 0.368278 0.385741 0.393583 
0.235837 0.300988 0.398624 0.427167 0.421288 0.426793 0.443861 0.437332 0.431344 0.429841 0.434665 0.439743 0.450356 0.452694 0.45018 0.438955 0.42545 0.405559 0.390133 0.391384 0.421047 0.44454 0.419372 0.445018 0.596766 0.552451 0.305536 0.253382 0.376196 0.420037 0.272998 0.220381 0.207165 0.32612 0.774844 0.84836 0.410676 0.268007 0.473773 0.64277 0.494134 0.344512 0.267378 0.17587 -0.240674 0.909145 0.270075 -0.439253 0.849505 0.6392 0.604225 0.453876 0.329958 0.330086 0.402755 0.425023 0.358548 0.345242 0.373341 0.377106 0.374707 0.38154 0.394131 0.400637 
0.239672 0.276672 0.357465 0.398291 0.399108 0.417839 0.453791 0.45475 0.44821 0.443854 0.444575 0.445802 0.454454 0.458651 0.459781 0.449494 0.434383 0.414898 0.395132 0.391667 0.416537 0.437756 0.424924 0.438227 0.505759 0.433311 0.283449 0.311507 0.460355 0.481058 0.277849 0.194391 0.201489 0.294054 0.564632 0.521304 0.242767 0.276559 0.601648 0.842711 0.559954 0.273909 0.330216 0.145278 -0.18613 0.766463 0.81917 0.108928 0.662582 0.603823 0.480353 0.360063 0.310575 0.310538 0.351196 0.377659 0.353016 0.353206 0.378281 0.389117 0.397804 0.406544 0.414899 0.41741 
0.269443 0.282298 0.340123 0.373787 0.380621 0.413301 0.463968 0.465196 0.451871 0.451182 0.456198 0.456963 0.458144 0.460617 0.461738 0.451813 0.436012 0.420374 0.403076 0.393085 0.389642 0.397191 0.41557 0.414305 0.347644 0.297408 0.405583 0.52203 0.415241 0.352021 0.359696 0.368372 0.349426 0.254279 0.206606 0.199467 0.215313 0.267776 0.423296 0.488966 0.305236 0.220443 0.350861 0.123529 0.135235 0.478954 0.559989 0.197422 0.32904 0.359433 0.390823 0.463147 0.396606 0.336168 0.332599 0.345474 0.353145 0.366906 0.390032 0.406769 0.423663 0.436924 0.435769 0.434315 
0.279967 0.296185 0.337998 0.366438 0.375489 0.408569 0.466612 0.474589 0.455693 0.455326 0.465822 0.467714 0.463854 0.464015 0.463915 0.454069 0.438455 0.421491 0.405333 0.38733 0.367564 0.374656 0.417151 0.393506 0.273788 0.243618 0.52244 0.628941 0.363069 0.307554 0.415018 0.500803 0.471124 0.266949 0.136309 0.158018 0.211261 0.240998 0.268007 0.235091 0.192861 0.19774 0.217509 0.208395 0.568082 0.852224 0.668653 0.246375 0.220782 0.259312 0.388143 0.561126 0.479598 0.367261 0.324705 0.326436 0.352127 0.373761 0.400597 0.424415 0.444977 0.453585 0.446598 0.444067 
